White Pawn  
+----+----+----+----+----+----+----+----+     +----+----+----+----+----+----+----+----+     +-------+-------+-------+-------+-------+-------+-------+-------+
| 36 | 36 | 36 | 36 | 36 | 36 | 36 | 36 | 8   | 36 | 36 | 36 | 36 | 36 | 36 | 36 | 36 | 8   |     0 |     0 |     0 |     0 |   100 |     0 |     0 |     0 | 8
+----+----+----+----+----+----+----+----+     +----+----+----+----+----+----+----+----+     +-------+-------+-------+-------+-------+-------+-------+-------+
| 36 | 36 | 36 | 36 | 36 | 36 | 36 | 36 | 7   | 36 | 36 | 36 | 36 | 36 | 36 | 36 | 36 | 7   |    -1 |     0 |     0 |   -34 |    39 |     0 |     0 |     0 | 7
+----+----+----+----+----+----+----+----+     +----+----+----+----+----+----+----+----+     +-------+-------+-------+-------+-------+-------+-------+-------+
| 14 | 14 | 20 | 24 | 24 | 20 | 16 | 16 | 6   | 14 | 14 | 20 | 24 | 24 | 20 | 16 | 16 | 6   |   -92 |   -91 |     1 |     0 |   594 |     0 |   -28 |   -17 | 6
+----+----+----+----+----+----+----+----+     +----+----+----+----+----+----+----+----+     +-------+-------+-------+-------+-------+-------+-------+-------+
| 13 | 13 | 13 | 20 | 13 | 18 | 12 | 12 | 5   |*10*| 13 | 13 | 20 |*20*| 18 | 12 | 12 | 5   | -1125 | -1903 |  -201 |     0 | -1544 |     0 | -1135 | -1243 | 5
+----+----+----+----+----+----+----+----+     +----+----+----+----+----+----+----+----+     +-------+-------+-------+-------+-------+-------+-------+-------+
| 06 | 07 | 06 | 20 | 20 | 10 | 03 | 02 | 4   | 06 |*12*|*12*| 20 | 20 | 10 |*10*|*10*| 4   |     0 | -1160 | -1585 |    -7 |     0 |     0 | -1006 | -1554 | 4
+----+----+----+----+----+----+----+----+     +----+----+----+----+----+----+----+----+     +-------+-------+-------+-------+-------+-------+-------+-------+
| 12 | 07 | 14 | 12 | 12 | 10 | 50 | 43 | 3   | 12 |*12*|*10*| 12 | 12 | 10 |*55*|*50*| 3   |     0 | -1250 | -1424 |     0 |     0 |     0 | -1180 | -1614 | 3
+----+----+----+----+----+----+----+----+     +----+----+----+----+----+----+----+----+     +-------+-------+-------+-------+-------+-------+-------+-------+
| 10 | 10 | 10 | 00 | 00 | 14 | 55 | 50 | 2   | 10 | 10 | 10 | 00 | 00 | 14 | 55 | 50 | 2   |     0 |     0 |     0 |     0 |     0 |     0 |     0 |     0 | 2
+----+----+----+----+----+----+----+----+     +----+----+----+----+----+----+----+----+     +-------+-------+-------+-------+-------+-------+-------+-------+
| 00 | 00 | 00 | 00 | 00 | 00 | 00 | 00 | 1   | 00 | 00 | 00 | 00 | 00 | 00 | 00 | 00 | 1   |     0 |     0 |     0 |     0 |     0 |     0 |     0 |     0 | 1
+----+----+----+----+----+----+----+----+     +----+----+----+----+----+----+----+----+     +-------+-------+-------+-------+-------+-------+-------+-------+
  a    b    c    d    e    f    g    h          a    b    c    d    e    f    g    h             a      b       c       d       e       f       g       h

White Knight  
+----+----+----+----+----+----+----+----+     +----+----+----+----+----+----+----+----+     +-------+-------+-------+-------+-------+-------+-------+-------+
| 00 | 10 | 20 | 26 | 22 | 11 | 08 | 00 | 8   | 00 | 10 | 20 |*20*|*20*|*20*|*10*| 00 | 8   |   -55 |  -525 |     0 | -1918 |  -904 | -1003 | -1669 |    -3 | 8
+----+----+----+----+----+----+----+----+     +----+----+----+----+----+----+----+----+     +-------+-------+-------+-------+-------+-------+-------+-------+
| 09 | 24 | 26 | 33 | 35 | 30 | 23 | 10 | 7   |*10*| 24 | 26 |*26*|*26*|*26*|*24*| 10 | 7   | -1878 |     0 | -1142 |    30 |  1048 |  -113 |  -795 |   -18 | 7
+----+----+----+----+----+----+----+----+     +----+----+----+----+----+----+----+----+     +-------+-------+-------+-------+-------+-------+-------+-------+
| 10 | 25 | 35 | 50 | 56 | 36 | 36 | 12 | 6   | 10 |*28*|*40*| 50 |*50*|*40*|*28*|*10*| 6   |    -5 | -1459 | -1024 |   126 |  1800 | -1218 | -1503 | -1877 | 6
+----+----+----+----+----+----+----+----+     +----+----+----+----+----+----+----+----+     +-------+-------+-------+-------+-------+-------+-------+-------+
| 10 | 17 | 28 | 47 | 40 | 44 | 29 | 12 | 5   | 10 |*23*|*36*|*40*| 40 |*36*|*23*|*10*| 5   | -1582 | -1810 | -1391 |  1347 | -1519 | -1094 | -1284 |  -513 | 5
+----+----+----+----+----+----+----+----+     +----+----+----+----+----+----+----+----+     +-------+-------+-------+-------+-------+-------+-------+-------+
| 03 | 16 | 27 | 27 | 36 | 22 | 21 | 02 | 4   |*10*|*22*|*28*|*30*|*30*|*28*|*22*|*10*| 4   | -1834 | -1203 |  -818 | -1566 | -1348 | -1223 |  -698 | -1809 | 4
+----+----+----+----+----+----+----+----+     +----+----+----+----+----+----+----+----+     +-------+-------+-------+-------+-------+-------+-------+-------+
| 00 | 21 | 20 | 30 | 28 | 18 | 25 | 00 | 3   | 00 |*26*|*26*| 30 |*30*|*26*|*26*| 00 | 3   | -1304 | -1255 |   150 |  -574 |  -131 | -1351 | -1840 |  -552 | 3
+----+----+----+----+----+----+----+----+     +----+----+----+----+----+----+----+----+     +-------+-------+-------+-------+-------+-------+-------+-------+
| 00 | 19 | 20 | 15 | 11 | 18 | 20 | 05 | 2   |*05*|*20*| 20 |*23*|*20*|*20*| 20 | 05 | 2   | -1199 |  -816 |  -127 | -1216 | -1266 | -1223 |     1 |   -61 | 2
+----+----+----+----+----+----+----+----+     +----+----+----+----+----+----+----+----+     +-------+-------+-------+-------+-------+-------+-------+-------+
| 00 | 00 | 10 | 07 | 15 | 15 | 00 | 00 | 1   | 00 |*05*|*15*|*15*| 15 | 15 | 00 | 00 | 1   | -1291 | -1834 | -1489 | -1270 | -1904 |  -796 | -1700 |    -4 | 1
+----+----+----+----+----+----+----+----+     +----+----+----+----+----+----+----+----+     +-------+-------+-------+-------+-------+-------+-------+-------+
  a    b    c    d    e    f    g    h          a    b    c    d    e    f    g    h             a      b       c       d       e       f       g       h

White Bishop  
+----+----+----+----+----+----+----+----+     +----+----+----+----+----+----+----+----+     +-------+-------+-------+-------+-------+-------+-------+-------+
| 10 | 10 | 10 | 10 | 10 | 10 | 10 | 10 | 8   | 10 | 10 | 10 | 10 | 10 | 10 | 10 | 10 | 8   |     0 |     0 |     0 |     0 |     0 |     0 |     0 |     0 | 8
+----+----+----+----+----+----+----+----+     +----+----+----+----+----+----+----+----+     +-------+-------+-------+-------+-------+-------+-------+-------+
| 00 | 22 | 24 | 24 | 24 | 24 | 22 | 00 | 7   | 00 | 22 | 24 | 24 | 24 | 24 | 22 | 00 | 7   |     0 |     0 |     0 |     0 |     0 |     0 |     0 |     0 | 7
+----+----+----+----+----+----+----+----+     +----+----+----+----+----+----+----+----+     +-------+-------+-------+-------+-------+-------+-------+-------+
| 42 | 48 | 50 | 52 | 52 | 50 | 48 | 42 | 6   | 42 | 48 | 50 | 52 | 52 | 50 | 48 | 42 | 6   |     0 |     0 |     0 |     0 |     0 |     0 |     0 |     0 | 6
+----+----+----+----+----+----+----+----+     +----+----+----+----+----+----+----+----+     +-------+-------+-------+-------+-------+-------+-------+-------+
| 41 | 42 | 45 | 48 | 48 | 45 | 42 | 41 | 5   | 41 | 42 | 45 | 48 | 48 | 45 | 42 | 41 | 5   |     0 |     0 |     0 |     0 |     0 |     0 |     0 |     0 | 5
+----+----+----+----+----+----+----+----+     +----+----+----+----+----+----+----+----+     +-------+-------+-------+-------+-------+-------+-------+-------+
| 38 | 45 | 42 | 48 | 48 | 42 | 45 | 38 | 4   | 38 | 45 | 42 | 48 | 48 | 42 | 45 | 38 | 4   |     0 |     0 |     0 |     0 |     0 |     0 |     0 |     0 | 4
+----+----+----+----+----+----+----+----+     +----+----+----+----+----+----+----+----+     +-------+-------+-------+-------+-------+-------+-------+-------+
| 35 | 45 | 45 | 42 | 42 | 45 | 45 | 35 | 3   | 35 | 45 | 45 | 42 | 42 | 45 | 45 | 35 | 3   |     0 |     0 |     0 |     0 |     0 |     0 |     0 |     0 | 3
+----+----+----+----+----+----+----+----+     +----+----+----+----+----+----+----+----+     +-------+-------+-------+-------+-------+-------+-------+-------+
| 30 | 48 | 42 | 35 | 35 | 42 | 48 | 30 | 2   | 30 | 48 | 42 | 35 | 35 | 42 | 48 | 30 | 2   |     0 |     0 |     0 |     0 |     0 |     0 |     0 |     0 | 2
+----+----+----+----+----+----+----+----+     +----+----+----+----+----+----+----+----+     +-------+-------+-------+-------+-------+-------+-------+-------+
| 24 | 30 | 24 | 30 | 30 | 20 | 30 | 24 | 1   | 24 | 30 | 24 | 30 | 30 | 20 | 30 | 24 | 1   |     0 |     0 |     0 |     0 |     0 |     0 |     0 |     0 | 1
+----+----+----+----+----+----+----+----+     +----+----+----+----+----+----+----+----+     +-------+-------+-------+-------+-------+-------+-------+-------+
  a    b    c    d    e    f    g    h          a    b    c    d    e    f    g    h             a      b       c       d       e       f       g       h

White Rook  
+----+----+----+----+----+----+----+----+     +----+----+----+----+----+----+----+----+     +-------+-------+-------+-------+-------+-------+-------+-------+
| 30 | 30 | 30 | 30 | 30 | 25 | 30 | 30 | 8   | 30 | 30 | 30 | 30 | 30 |*30*| 30 | 30 | 8   |    -2 |   -57 |     0 |    -1 |     0 |  1203 |     0 |     0 | 8
+----+----+----+----+----+----+----+----+     +----+----+----+----+----+----+----+----+     +-------+-------+-------+-------+-------+-------+-------+-------+
| 50 | 50 | 50 | 50 | 50 | 56 | 50 | 50 | 7   | 50 | 50 | 50 | 50 | 50 |*50*| 50 | 50 | 7   |  -274 |   -13 |   -16 |    -1 |     0 |  1220 |   -45 |     0 | 7
+----+----+----+----+----+----+----+----+     +----+----+----+----+----+----+----+----+     +-------+-------+-------+-------+-------+-------+-------+-------+
| 08 | 08 | 12 | 20 | 20 | 07 | 08 | 08 | 6   | 08 | 08 | 12 | 20 | 20 |*12*| 08 | 08 | 6   |  -250 | -1448 |   -28 |   -22 |  -104 | -1805 |   -89 |   -84 | 6
+----+----+----+----+----+----+----+----+     +----+----+----+----+----+----+----+----+     +-------+-------+-------+-------+-------+-------+-------+-------+
| 00 | 00 | 04 | 05 | 06 | 00 | 00 | 00 | 5   | 00 | 00 | 04 |*06*| 06 |*04*| 00 | 00 | 5   |  -461 | -1611 |  -200 | -1775 |  -207 | -1697 |  -222 |  -101 | 5
+----+----+----+----+----+----+----+----+     +----+----+----+----+----+----+----+----+     +-------+-------+-------+-------+-------+-------+-------+-------+
| 00 | 00 | 04 | 04 | 06 | 00 | 00 | 00 | 4   | 00 | 00 | 04 |*06*| 06 |*04*| 00 | 00 | 4   | -1172 | -1976 |  -487 | -1333 |   -18 | -1920 |  -215 |  -211 | 4
+----+----+----+----+----+----+----+----+     +----+----+----+----+----+----+----+----+     +-------+-------+-------+-------+-------+-------+-------+-------+
| 00 | 03 | 04 | 00 | 06 | 00 | 00 | 00 | 3   | 00 |*00*| 04 |*06*| 06 |*04*| 00 | 00 | 3   | -1591 | -1349 |  -442 | -1469 |     0 | -1098 |  -457 |  -312 | 3
+----+----+----+----+----+----+----+----+     +----+----+----+----+----+----+----+----+     +-------+-------+-------+-------+-------+-------+-------+-------+
| 02 | 00 | 04 | 00 | 05 | 00 | 00 | 00 | 2   |*00*| 00 | 04 |*06*|*06*|*04*| 00 | 00 | 2   | -1549 | -1576 |    -1 | -1120 | -1353 | -1899 |  -101 |     0 | 2
+----+----+----+----+----+----+----+----+     +----+----+----+----+----+----+----+----+     +-------+-------+-------+-------+-------+-------+-------+-------+
| 00 | 00 | 00 | 10 | 01 | 10 | 00 | 00 | 1   | 00 | 00 |*04*|*06*|*06*|*04*| 00 | 00 | 1   | -1500 | -1509 | -1357 | -1688 | -1391 |  1162 | -1713 |  -155 | 1
+----+----+----+----+----+----+----+----+     +----+----+----+----+----+----+----+----+     +-------+-------+-------+-------+-------+-------+-------+-------+
  a    b    c    d    e    f    g    h          a    b    c    d    e    f    g    h             a      b       c       d       e       f       g       h

White Queen  
+----+----+----+----+----+----+----+----+     +----+----+----+----+----+----+----+----+     +-------+-------+-------+-------+-------+-------+-------+-------+
| 38 | 45 | 50 | 45 | 62 | 50 | 40 | 43 | 8   | 38 |*46*| 50 |*54*|*54*| 50 |*46*|*42*| 8   |     0 |  -505 |  -395 | -1057 |  1674 | -1006 | -1235 |   546 | 8
+----+----+----+----+----+----+----+----+     +----+----+----+----+----+----+----+----+     +-------+-------+-------+-------+-------+-------+-------+-------+
| 38 | 46 | 54 | 66 | 51 | 58 | 55 | 50 | 7   | 38 | 46 | 54 |*60*|*60*|*54*|*54*| 50 | 7   |  -144 |   -19 |  -736 | -1306 | -1342 | -1355 |  -208 |  -106 | 7
+----+----+----+----+----+----+----+----+     +----+----+----+----+----+----+----+----+     +-------+-------+-------+-------+-------+-------+-------+-------+
| 34 | 42 | 40 | 60 | 68 | 45 | 43 | 43 | 6   | 34 | 42 |*46*| 60 |*60*|*50*|*50*|*46*| 6   |  -197 |  -937 | -1420 |   -78 |  1836 | -1950 | -1805 | -1422 | 6
+----+----+----+----+----+----+----+----+     +----+----+----+----+----+----+----+----+     +-------+-------+-------+-------+-------+-------+-------+-------+
| 24 | 29 | 27 | 42 | 29 | 41 | 36 | 36 | 5   |*32*|*36*|*34*|*34*|*34*|*42*|*40*|*40*| 5   | -1512 | -1282 | -1530 |   -77 | -1962 | -1232 | -1284 | -1078 | 5
+----+----+----+----+----+----+----+----+     +----+----+----+----+----+----+----+----+     +-------+-------+-------+-------+-------+-------+-------+-------+
| 32 | 34 | 28 | 39 | 34 | 33 | 39 | 30 | 4   | 32 | 34 |*34*|*34*| 34 |*38*|*36*|*36*| 4   |  -188 | -1305 | -1903 | -1314 |  -411 | -1195 | -1369 | -1221 | 4
+----+----+----+----+----+----+----+----+     +----+----+----+----+----+----+----+----+     +-------+-------+-------+-------+-------+-------+-------+-------+
| 32 | 31 | 34 | 36 | 38 | 36 | 31 | 25 | 3   | 32 |*34*| 34 |*38*| 38 | 36 |*34*|*34*| 3   |  -559 | -1383 |  -228 | -1995 |   -10 | -1361 | -1318 | -1615 | 3
+----+----+----+----+----+----+----+----+     +----+----+----+----+----+----+----+----+     +-------+-------+-------+-------+-------+-------+-------+-------+
| 26 | 32 | 36 | 32 | 34 | 30 | 32 | 32 | 2   |*32*| 32 | 36 |*36*|*36*|*32*| 32 | 32 | 2   | -1352 |  -240 |   -21 | -1205 | -1133 | -1495 |  -120 |     0 | 2
+----+----+----+----+----+----+----+----+     +----+----+----+----+----+----+----+----+     +-------+-------+-------+-------+-------+-------+-------+-------+
| 20 | 29 | 29 | 33 | 28 | 28 | 29 | 20 | 1   | 20 |*30*|*30*|*30*|*30*|*30*|*30*| 20 | 1   |  -732 | -1760 | -1207 | -1344 | -1885 | -1211 | -1877 |     0 | 1
+----+----+----+----+----+----+----+----+     +----+----+----+----+----+----+----+----+     +-------+-------+-------+-------+-------+-------+-------+-------+
  a    b    c    d    e    f    g    h          a    b    c    d    e    f    g    h             a      b       c       d       e       f       g       h

White King  
+----+----+----+----+----+----+----+----+     +----+----+----+----+----+----+----+----+     +-------+-------+-------+-------+-------+-------+-------+-------+
| 00 | 00 | 00 | 00 | 00 | 00 | 00 | 00 | 8   | 00 | 00 | 00 | 00 | 00 | 00 | 00 | 00 | 8   |     0 |     0 |     0 |     0 |     0 |     0 |     0 |     0 | 8
+----+----+----+----+----+----+----+----+     +----+----+----+----+----+----+----+----+     +-------+-------+-------+-------+-------+-------+-------+-------+
| 10 | 10 | 10 | 10 | 10 | 10 | 10 | 10 | 7   | 10 | 10 | 10 | 10 | 10 | 10 | 10 | 10 | 7   |     0 |     0 |     0 |     0 |     0 |     0 |     0 |     0 | 7
+----+----+----+----+----+----+----+----+     +----+----+----+----+----+----+----+----+     +-------+-------+-------+-------+-------+-------+-------+-------+
| 20 | 20 | 20 | 20 | 20 | 20 | 20 | 20 | 6   | 20 | 20 | 20 | 20 | 20 | 20 | 20 | 20 | 6   |     0 |     0 |     0 |     0 |     0 |     0 |     0 |     0 | 6
+----+----+----+----+----+----+----+----+     +----+----+----+----+----+----+----+----+     +-------+-------+-------+-------+-------+-------+-------+-------+
| 35 | 35 | 35 | 35 | 35 | 35 | 35 | 35 | 5   | 35 | 35 | 35 | 35 | 35 | 35 | 35 | 35 | 5   |     0 |     0 |     0 |     0 |     0 |     0 |     0 |     0 | 5
+----+----+----+----+----+----+----+----+     +----+----+----+----+----+----+----+----+     +-------+-------+-------+-------+-------+-------+-------+-------+
| 50 | 50 | 50 | 50 | 50 | 50 | 50 | 50 | 4   | 50 | 50 | 50 | 50 | 50 | 50 | 50 | 50 | 4   |     0 |     0 |     0 |     0 |     0 |     0 |     0 |     0 | 4
+----+----+----+----+----+----+----+----+     +----+----+----+----+----+----+----+----+     +-------+-------+-------+-------+-------+-------+-------+-------+
| 60 | 60 | 60 | 60 | 60 | 60 | 60 | 60 | 3   | 60 | 60 | 60 | 60 | 60 | 60 | 60 | 60 | 3   |     0 |     0 |     0 |     0 |     0 |   -87 |  -101 |  -103 | 3
+----+----+----+----+----+----+----+----+     +----+----+----+----+----+----+----+----+     +-------+-------+-------+-------+-------+-------+-------+-------+
| 86 | 90 | 84 | 80 | 80 | 80 | 87 | 87 | 2   | 86 | 90 | 84 | 80 | 80 | 80 |*88*|*88*| 2   |     0 |     0 |     0 |     0 |   -56 |     0 | -1790 | -1339 | 2
+----+----+----+----+----+----+----+----+     +----+----+----+----+----+----+----+----+     +-------+-------+-------+-------+-------+-------+-------+-------+
| 88 | 92 | 90 | 80 | 90 | 80 | 85 | 87 | 1   | 88 | 92 | 90 | 80 | 90 | 80 |*90*|*88*| 1   |     0 |     0 |     0 |     0 |   -52 | -1163 | -1276 | -1609 | 1
+----+----+----+----+----+----+----+----+     +----+----+----+----+----+----+----+----+     +-------+-------+-------+-------+-------+-------+-------+-------+
  a    b    c    d    e    f    g    h          a    b    c    d    e    f    g    h             a      b       c       d       e       f       g       h

Black Pawn  
+----+----+----+----+----+----+----+----+     +----+----+----+----+----+----+----+----+     +-------+-------+-------+-------+-------+-------+-------+-------+
| 00 | 00 | 00 | 00 | 00 | 00 | 00 | 00 | 8   | 00 | 00 | 00 | 00 | 00 | 00 | 00 | 00 | 8   |     0 |     0 |     0 |     0 |     0 |     0 |     0 |     0 | 8
+----+----+----+----+----+----+----+----+     +----+----+----+----+----+----+----+----+     +-------+-------+-------+-------+-------+-------+-------+-------+
| 10 | 10 | 10 | 00 | 00 | 14 | 55 | 50 | 7   | 10 | 10 | 10 | 00 | 00 | 14 | 55 | 50 | 7   |     0 |     0 |     0 |     0 |     0 |     0 |     0 |     0 | 7
+----+----+----+----+----+----+----+----+     +----+----+----+----+----+----+----+----+     +-------+-------+-------+-------+-------+-------+-------+-------+
| 12 | 10 | 10 | 12 | 12 | 10 | 61 | 54 | 6   | 12 |*12*| 10 | 12 | 12 | 10 |*55*|*50*| 6   |     0 | -1692 |     0 |     0 |     0 |     0 |  -224 | -1089 | 6
+----+----+----+----+----+----+----+----+     +----+----+----+----+----+----+----+----+     +-------+-------+-------+-------+-------+-------+-------+-------+
| 00 | 05 | 12 | 25 | 20 | 10 | 02 | 04 | 5   |*06*|*12*| 12 |*20*| 20 | 10 |*10*|*10*| 5   | -1393 | -1429 |  -148 | -1810 |     0 |    -1 | -1729 | -1835 | 5
+----+----+----+----+----+----+----+----+     +----+----+----+----+----+----+----+----+     +-------+-------+-------+-------+-------+-------+-------+-------+
| 10 | 13 | 13 | 20 | 20 | 18 | 12 | 12 | 4   | 10 | 13 | 13 | 20 | 20 | 18 | 12 | 12 | 4   |     0 |  -356 |    -2 |   -51 |   -16 |     0 |  -377 |  -333 | 4
+----+----+----+----+----+----+----+----+     +----+----+----+----+----+----+----+----+     +-------+-------+-------+-------+-------+-------+-------+-------+
| 14 | 14 | 20 | 24 | 24 | 20 | 16 | 16 | 3   | 14 | 14 | 20 | 24 | 24 | 20 | 16 | 16 | 3   |   -45 |   -12 |     0 |     0 |     0 |     0 |    -7 |    -7 | 3
+----+----+----+----+----+----+----+----+     +----+----+----+----+----+----+----+----+     +-------+-------+-------+-------+-------+-------+-------+-------+
| 36 | 36 | 36 | 36 | 44 | 36 | 36 | 36 | 2   | 36 | 36 | 36 | 36 |*36*| 36 | 36 | 36 | 2   |     0 |     0 |     0 |     0 |  1552 |     0 |     0 |     0 | 2
+----+----+----+----+----+----+----+----+     +----+----+----+----+----+----+----+----+     +-------+-------+-------+-------+-------+-------+-------+-------+
| 36 | 36 | 36 | 36 | 45 | 36 | 36 | 36 | 1   | 36 | 36 | 36 | 36 |*36*| 36 | 36 | 36 | 1   |     0 |     0 |     0 |    -2 |  1442 |    -1 |     0 |     0 | 1
+----+----+----+----+----+----+----+----+     +----+----+----+----+----+----+----+----+     +-------+-------+-------+-------+-------+-------+-------+-------+
  a    b    c    d    e    f    g    h          a    b    c    d    e    f    g    h             a      b       c       d       e       f       g       h

Black Knight  
+----+----+----+----+----+----+----+----+     +----+----+----+----+----+----+----+----+     +-------+-------+-------+-------+-------+-------+-------+-------+
| 00 | 00 | 15 | 15 | 15 | 20 | 00 | 00 | 8   | 00 |*05*| 15 | 15 | 15 |*15*| 00 | 00 | 8   |   -17 | -1341 |     0 |   -13 |  -185 |  1099 |   731 |    -8 | 8
+----+----+----+----+----+----+----+----+     +----+----+----+----+----+----+----+----+     +-------+-------+-------+-------+-------+-------+-------+-------+
| 05 | 20 | 20 | 15 | 20 | 19 | 20 | 05 | 7   | 05 | 20 | 20 |*23*| 20 |*20*| 20 | 05 | 7   |    -9 |     0 |   -75 | -1619 |   -18 |  -425 |     0 |  -601 | 7
+----+----+----+----+----+----+----+----+     +----+----+----+----+----+----+----+----+     +-------+-------+-------+-------+-------+-------+-------+-------+
| 00 | 34 | 34 | 30 | 25 | 32 | 20 | 00 | 6   | 00 |*26*|*26*| 30 |*30*|*26*|*26*| 00 | 6   |    -3 | -1241 |  -144 |     0 | -1581 |  1772 | -1387 |   -17 | 6
+----+----+----+----+----+----+----+----+     +----+----+----+----+----+----+----+----+     +-------+-------+-------+-------+-------+-------+-------+-------+
| 10 | 22 | 27 | 30 | 35 | 28 | 22 | 10 | 5   | 10 | 22 |*28*| 30 |*30*| 28 | 22 | 10 | 5   |   -25 |     0 | -1314 |  -754 |  1193 |     0 |   -63 |  -844 | 5
+----+----+----+----+----+----+----+----+     +----+----+----+----+----+----+----+----+     +-------+-------+-------+-------+-------+-------+-------+-------+
| 10 | 23 | 36 | 40 | 40 | 36 | 21 | 10 | 4   | 10 | 23 | 36 | 40 | 40 | 36 |*23*| 10 | 4   |    -8 |   -22 |  -566 |     0 |     0 |    -4 | -1209 |   -16 | 4
+----+----+----+----+----+----+----+----+     +----+----+----+----+----+----+----+----+     +-------+-------+-------+-------+-------+-------+-------+-------+
| 10 | 28 | 40 | 48 | 50 | 39 | 28 | 10 | 3   | 10 | 28 | 40 |*50*| 50 |*40*| 28 | 10 | 3   |    -2 |   -83 |   -33 |  -640 |     0 |  -415 |   472 |     0 | 3
+----+----+----+----+----+----+----+----+     +----+----+----+----+----+----+----+----+     +-------+-------+-------+-------+-------+-------+-------+-------+
| 10 | 24 | 26 | 26 | 26 | 26 | 24 | 10 | 2   | 10 | 24 | 26 | 26 | 26 | 26 | 24 | 10 | 2   |     0 |     0 |     0 |   -69 |     0 |    25 |     0 |     0 | 2
+----+----+----+----+----+----+----+----+     +----+----+----+----+----+----+----+----+     +-------+-------+-------+-------+-------+-------+-------+-------+
| 00 | 10 | 20 | 20 | 20 | 20 | 10 | 00 | 1   | 00 | 10 | 20 | 20 | 20 | 20 | 10 | 00 | 1   |     0 |     0 |   -22 |     0 |   -20 |     0 |   -12 |     0 | 1
+----+----+----+----+----+----+----+----+     +----+----+----+----+----+----+----+----+     +-------+-------+-------+-------+-------+-------+-------+-------+
  a    b    c    d    e    f    g    h          a    b    c    d    e    f    g    h             a      b       c       d       e       f       g       h

Black Bishop  
+----+----+----+----+----+----+----+----+     +----+----+----+----+----+----+----+----+     +-------+-------+-------+-------+-------+-------+-------+-------+
| 24 | 30 | 24 | 26 | 30 | 25 | 30 | 24 | 8   | 24 | 30 | 24 |*30*| 30 |*20*| 30 | 24 | 8   |     0 |    -3 | -1386 | -1608 |  -941 |  1227 |    34 |   -11 | 8
+----+----+----+----+----+----+----+----+     +----+----+----+----+----+----+----+----+     +-------+-------+-------+-------+-------+-------+-------+-------+
| 30 | 50 | 42 | 39 | 30 | 42 | 55 | 30 | 7   | 30 |*48*| 42 |*35*|*35*| 42 |*48*| 30 | 7   |   -61 |   227 |  -145 |  1695 | -1589 |   167 |  1567 |   -62 | 7
+----+----+----+----+----+----+----+----+     +----+----+----+----+----+----+----+----+     +-------+-------+-------+-------+-------+-------+-------+-------+
| 35 | 45 | 45 | 43 | 47 | 50 | 45 | 35 | 6   | 35 | 45 | 45 |*42*|*42*|*45*| 45 | 35 | 6   |    -1 |   -75 |  -616 |   -86 |    40 |  1112 |  -112 |  -690 | 6
+----+----+----+----+----+----+----+----+     +----+----+----+----+----+----+----+----+     +-------+-------+-------+-------+-------+-------+-------+-------+
| 38 | 45 | 42 | 48 | 48 | 50 | 44 | 38 | 5   | 38 | 45 | 42 | 48 | 48 |*42*|*45*| 38 | 5   |  -104 | -1169 |  -149 |  -527 |  -447 |   169 | -1765 |  -457 | 5
+----+----+----+----+----+----+----+----+     +----+----+----+----+----+----+----+----+     +-------+-------+-------+-------+-------+-------+-------+-------+
| 41 | 42 | 45 | 48 | 48 | 45 | 46 | 38 | 4   | 41 | 42 | 45 | 48 | 48 | 45 |*42*|*41*| 4   |     0 |   -38 |  -362 |   -91 |   -14 |  -267 | -1155 | -1564 | 4
+----+----+----+----+----+----+----+----+     +----+----+----+----+----+----+----+----+     +-------+-------+-------+-------+-------+-------+-------+-------+
| 42 | 48 | 50 | 52 | 52 | 50 | 48 | 43 | 3   | 42 | 48 | 50 | 52 | 52 | 50 | 48 |*42*| 3   |   -89 |  -498 |   -50 |   -86 |   -20 |  -383 |  -290 | -1998 | 3
+----+----+----+----+----+----+----+----+     +----+----+----+----+----+----+----+----+     +-------+-------+-------+-------+-------+-------+-------+-------+
| 00 | 22 | 24 | 24 | 24 | 24 | 22 | 00 | 2   | 00 | 22 | 24 | 24 | 24 | 24 | 22 | 00 | 2   |  -447 |     0 |     0 |   -58 |  -245 |  -280 |     0 |     0 | 2
+----+----+----+----+----+----+----+----+     +----+----+----+----+----+----+----+----+     +-------+-------+-------+-------+-------+-------+-------+-------+
| 10 | 10 | 10 | 10 | 10 | 10 | 10 | 10 | 1   | 10 | 10 | 10 | 10 | 10 | 10 | 10 | 10 | 1   |    -4 |     0 |   -25 |  -296 |  -245 |   -27 |    -3 |     0 | 1
+----+----+----+----+----+----+----+----+     +----+----+----+----+----+----+----+----+     +-------+-------+-------+-------+-------+-------+-------+-------+
  a    b    c    d    e    f    g    h          a    b    c    d    e    f    g    h             a      b       c       d       e       f       g       h

Black Rook  
+----+----+----+----+----+----+----+----+     +----+----+----+----+----+----+----+----+     +-------+-------+-------+-------+-------+-------+-------+-------+
| 00 | 00 | 04 | 06 | 06 | 04 | 00 | 00 | 8   | 00 | 00 | 04 | 06 | 06 | 04 | 00 | 00 | 8   |  -725 |  -642 |  -114 |   -91 |   -69 |   -70 |     0 |     0 | 8
+----+----+----+----+----+----+----+----+     +----+----+----+----+----+----+----+----+     +-------+-------+-------+-------+-------+-------+-------+-------+
| 00 | 00 | 04 | 06 | 06 | 04 | 00 | 00 | 7   | 00 | 00 | 04 | 06 | 06 | 04 | 00 | 00 | 7   | -1132 |   -10 |    -4 |     0 |     0 |     0 |     0 |     0 | 7
+----+----+----+----+----+----+----+----+     +----+----+----+----+----+----+----+----+     +-------+-------+-------+-------+-------+-------+-------+-------+
| 00 | 00 | 04 | 06 | 06 | 04 | 00 | 00 | 6   | 00 | 00 | 04 | 06 | 06 | 04 | 00 | 00 | 6   |  -291 |   -11 |    -6 |     0 |     0 |     0 |     0 |     0 | 6
+----+----+----+----+----+----+----+----+     +----+----+----+----+----+----+----+----+     +-------+-------+-------+-------+-------+-------+-------+-------+
| 00 | 00 | 04 | 06 | 06 | 04 | 00 | 00 | 5   | 00 | 00 | 04 | 06 | 06 | 04 | 00 | 00 | 5   |  -173 |    -5 |     0 |     0 |     0 |     0 |     0 |     0 | 5
+----+----+----+----+----+----+----+----+     +----+----+----+----+----+----+----+----+     +-------+-------+-------+-------+-------+-------+-------+-------+
| 00 | 00 | 04 | 06 | 06 | 04 | 00 | 00 | 4   | 00 | 00 | 04 | 06 | 06 | 04 | 00 | 00 | 4   |     0 |   -36 |   -31 |   -31 |     0 |     0 |     0 |     0 | 4
+----+----+----+----+----+----+----+----+     +----+----+----+----+----+----+----+----+     +-------+-------+-------+-------+-------+-------+-------+-------+
| 08 | 08 | 12 | 20 | 20 | 12 | 08 | 08 | 3   | 08 | 08 | 12 | 20 | 20 | 12 | 08 | 08 | 3   |   -31 |    -5 |     0 |     0 |     0 |     0 |     0 |     0 | 3
+----+----+----+----+----+----+----+----+     +----+----+----+----+----+----+----+----+     +-------+-------+-------+-------+-------+-------+-------+-------+
| 50 | 50 | 50 | 50 | 50 | 50 | 50 | 50 | 2   | 50 | 50 | 50 | 50 | 50 | 50 | 50 | 50 | 2   |   -43 |     0 |     0 |     0 |     0 |     0 |     0 |     0 | 2
+----+----+----+----+----+----+----+----+     +----+----+----+----+----+----+----+----+     +-------+-------+-------+-------+-------+-------+-------+-------+
| 30 | 30 | 30 | 30 | 30 | 30 | 30 | 30 | 1   | 30 | 30 | 30 | 30 | 30 | 30 | 30 | 30 | 1   |   122 |     0 |     0 |     0 |     0 |     0 |     0 |     0 | 1
+----+----+----+----+----+----+----+----+     +----+----+----+----+----+----+----+----+     +-------+-------+-------+-------+-------+-------+-------+-------+
  a    b    c    d    e    f    g    h          a    b    c    d    e    f    g    h             a      b       c       d       e       f       g       h

Black Queen  
+----+----+----+----+----+----+----+----+     +----+----+----+----+----+----+----+----+     +-------+-------+-------+-------+-------+-------+-------+-------+
| 20 | 30 | 30 | 37 | 29 | 30 | 30 | 20 | 8   | 20 | 30 | 30 |*30*|*30*| 30 | 30 | 20 | 8   |  -123 |    56 |  -140 |  1937 |  -141 |    59 |     1 |     0 | 8
+----+----+----+----+----+----+----+----+     +----+----+----+----+----+----+----+----+     +-------+-------+-------+-------+-------+-------+-------+-------+
| 39 | 32 | 43 | 18 | 36 | 32 | 32 | 32 | 7   |*32*| 32 |*36*| 18 | 36 | 32 | 32 | 32 | 7   |  -690 |   -41 |  -802 |   -92 |     0 |   168 |   474 |     0 | 7
+----+----+----+----+----+----+----+----+     +----+----+----+----+----+----+----+----+     +-------+-------+-------+-------+-------+-------+-------+-------+
| 32 | 39 | 40 | 39 | 38 | 44 | 35 | 34 | 6   | 32 |*34*|*34*|*38*| 38 |*36*|*34*| 34 | 6   |  -155 | -1302 | -1942 |  -246 |  -128 |  1046 |   -89 |  -106 | 6
+----+----+----+----+----+----+----+----+     +----+----+----+----+----+----+----+----+     +-------+-------+-------+-------+-------+-------+-------+-------+
| 31 | 27 | 28 | 36 | 36 | 38 | 36 | 36 | 5   |*32*|*34*|*34*|*34*|*34*| 38 | 36 | 36 | 5   | -1192 | -1133 | -1808 |  -213 |  -209 |   -42 |   -38 |   -25 | 5
+----+----+----+----+----+----+----+----+     +----+----+----+----+----+----+----+----+     +-------+-------+-------+-------+-------+-------+-------+-------+
| 32 | 41 | 34 | 37 | 34 | 42 | 40 | 40 | 4   | 32 |*36*| 34 |*34*| 34 | 42 | 40 | 40 | 4   |     0 | -1189 |  -234 |  -453 |   -55 |    83 |   -57 |   -73 | 4
+----+----+----+----+----+----+----+----+     +----+----+----+----+----+----+----+----+     +-------+-------+-------+-------+-------+-------+-------+-------+
| 33 | 36 | 46 | 65 | 60 | 50 | 50 | 46 | 3   |*34*|*42*| 46 |*60*| 60 | 50 | 50 | 46 | 3   |   -46 | -1606 |  -721 |  1061 |  -123 |   -42 |   -30 |   -16 | 3
+----+----+----+----+----+----+----+----+     +----+----+----+----+----+----+----+----+     +-------+-------+-------+-------+-------+-------+-------+-------+
| 38 | 46 | 54 | 61 | 60 | 59 | 54 | 50 | 2   | 38 | 46 | 54 |*60*| 60 |*54*| 54 | 50 | 2   |   161 |   -11 |     0 |  1152 |   -23 |  1964 |     0 |     0 | 2
+----+----+----+----+----+----+----+----+     +----+----+----+----+----+----+----+----+     +-------+-------+-------+-------+-------+-------+-------+-------+
| 38 | 46 | 50 | 54 | 54 | 50 | 46 | 42 | 1   | 38 | 46 | 50 | 54 | 54 | 50 | 46 | 42 | 1   |  1287 |   320 |   206 |  1479 |  -210 |   184 |  -179 |     0 | 1
+----+----+----+----+----+----+----+----+     +----+----+----+----+----+----+----+----+     +-------+-------+-------+-------+-------+-------+-------+-------+
  a    b    c    d    e    f    g    h          a    b    c    d    e    f    g    h             a      b       c       d       e       f       g       h

Black King  
+----+----+----+----+----+----+----+----+     +----+----+----+----+----+----+----+----+     +-------+-------+-------+-------+-------+-------+-------+-------+
| 88 | 92 | 90 | 80 | 91 | 85 | 96 | 94 | 8   | 88 | 92 | 90 | 80 |*90*|*80*|*90*|*88*| 8   |     0 |     0 |     0 |   567 |  1277 |  1403 |  1006 |  1068 | 8
+----+----+----+----+----+----+----+----+     +----+----+----+----+----+----+----+----+     +-------+-------+-------+-------+-------+-------+-------+-------+
| 86 | 90 | 84 | 85 | 80 | 87 | 93 | 91 | 7   | 86 | 90 | 84 |*80*| 80 |*80*|*88*|*88*| 7   |     0 |     0 |     0 |     0 |     0 |  1037 |  1873 |   839 | 7
+----+----+----+----+----+----+----+----+     +----+----+----+----+----+----+----+----+     +-------+-------+-------+-------+-------+-------+-------+-------+
| 60 | 60 | 60 | 62 | 65 | 68 | 60 | 60 | 6   | 60 | 60 | 60 |*60*|*60*|*60*| 60 | 60 | 6   |     0 |     0 |     0 |     0 |     0 |   -69 |   -58 |   148 | 6
+----+----+----+----+----+----+----+----+     +----+----+----+----+----+----+----+----+     +-------+-------+-------+-------+-------+-------+-------+-------+
| 50 | 50 | 50 | 50 | 56 | 50 | 58 | 50 | 5   | 50 | 50 | 50 | 50 |*50*| 50 |*50*| 50 | 5   |     0 |     0 |     0 |     0 |     0 |     0 |     0 |     0 | 5
+----+----+----+----+----+----+----+----+     +----+----+----+----+----+----+----+----+     +-------+-------+-------+-------+-------+-------+-------+-------+
| 35 | 35 | 35 | 38 | 35 | 34 | 35 | 35 | 4   | 35 | 35 | 35 |*35*| 35 |*35*| 35 | 35 | 4   |     0 |     0 |     0 |     0 |     0 |     0 |     0 |     0 | 4
+----+----+----+----+----+----+----+----+     +----+----+----+----+----+----+----+----+     +-------+-------+-------+-------+-------+-------+-------+-------+
| 20 | 20 | 20 | 20 | 20 | 20 | 20 | 20 | 3   | 20 | 20 | 20 | 20 | 20 | 20 | 20 | 20 | 3   |     0 |     0 |     0 |     0 |     0 |     0 |     0 |     0 | 3
+----+----+----+----+----+----+----+----+     +----+----+----+----+----+----+----+----+     +-------+-------+-------+-------+-------+-------+-------+-------+
| 10 | 10 | 10 | 10 | 10 | 10 | 10 | 10 | 2   | 10 | 10 | 10 | 10 | 10 | 10 | 10 | 10 | 2   |     0 |     0 |     0 |     0 |     0 |     0 |     0 |     0 | 2
+----+----+----+----+----+----+----+----+     +----+----+----+----+----+----+----+----+     +-------+-------+-------+-------+-------+-------+-------+-------+
| 00 | 00 | 00 | 00 | 00 | 00 | 00 | 00 | 1   | 00 | 00 | 00 | 00 | 00 | 00 | 00 | 00 | 1   |     0 |     0 |     0 |     0 |     0 |     0 |     0 |     0 | 1
+----+----+----+----+----+----+----+----+     +----+----+----+----+----+----+----+----+     +-------+-------+-------+-------+-------+-------+-------+-------+
  a    b    c    d    e    f    g    h          a    b    c    d    e    f    g    h             a      b       c       d       e       f       g       h

